5.113812714801456423e+02 3.403261051868555853e+01
2.895136553728833633e+02 -6.897039706450699441e+02
1.216946190504799006e+03 3.389403757263755779e+02
3.917620510252704946e+01 -7.964748693114506750e+01
-4.159304734616881660e+02 -2.923511789081518373e+02
8.733069908876236696e+02 6.591175610401602398e+02
9.588910938752233051e+02 1.078506232154467881e+02
7.553012283137372052e+00 -4.681069488532100991e+02
1.510559584353404432e+02 1.057097372765904737e+02
5.520366621717143971e+02 -4.798655519898564989e+02
5.631093976063531272e+02 9.372566742808716356e+01
5.020188833560475814e+02 -4.412897821824756761e+02
1.328919381128027908e+02 -7.164815550455853099e+02
4.163807327187515739e+02 -4.848485372975318342e+02
4.623296249053457245e+02 -5.419776687631660934e+02
4.752657874884138209e+02 -1.689222072542061426e+02
9.289216864926787309e+01 -1.610856524163965560e+02
3.437828578507890143e+02 -4.667836327232560052e+02
1.392915394105725454e+03 5.457300929522862134e+02
5.198697709424678806e+02 -4.549312166782769964e+02
1.144550127948700037e+03 4.730521976513392133e+02
6.741166636080721446e+02 -2.159753477603497913e+02
1.429867630498594281e+03 6.253314437231906595e+02
9.228380953219393632e+02 -2.333540563996836283e+02
7.441333958535172997e+02 -5.966689424036890159e+02
5.565296970815263649e+02 -4.866700183526503452e+02
5.115415269627964676e+02 3.244350575118225777e+01
7.623257957697874190e+02 -4.098689800592767938e+02
6.323201228315095932e+02 -5.438958345861298085e+02
3.870371862502128835e+01 -1.608547674075820737e+02
1.416739008333038555e+03 1.144579553712914617e+02
6.528519243455428978e+02 -5.304794266735667634e+02
6.057643153927133426e+02 2.621671809666808599e+02
8.716313736604166706e+02 -5.600040731356132255e+02
4.081549671289587877e+02 -9.873165038481342037e+01
6.055354942538884870e+02 -2.114429327116598643e+02
-2.818305981976302732e+01 -1.482013617555167855e+02
8.367759954043502546e+01 9.685750155022263641e+01
5.286411684615662807e+02 -5.494575141335982380e+02
6.374598012939169394e+02 -3.779486866179045705e+02
4.464691488650472593e+02 1.927000128309023097e+01
7.450607598059829115e+02 -5.981356589224239997e+02
4.185915561674727883e+02 -5.930333510507250594e+02
9.442734521867364492e+02 2.313918973746479253e+02
6.233829597606172683e+02 -2.351728040645022872e+02
-1.294184448879166496e+02 -1.780863482638091000e+02
4.297467151687779960e+02 -6.143828949271029387e+02
-1.817594541698686612e+02 -5.336810758552724110e+01
8.302555844763551249e+02 4.010465533202919346e+02
4.587786064066651193e+02 -1.578937131068097415e+02
-8.040575760572520494e+02 7.268077604972057770e+02
-3.835870432201268159e+02 -7.540492978624756688e+02
-6.713696712284679506e+02 -6.488761715514933712e+02
-4.663498470252839070e+02 -4.965066120034921937e+02
-5.338922713446273747e+02 -6.968106043150442019e+02
-3.935658269133554654e+02 8.407825428669684698e+01
-6.840798118868361826e+02 1.010768837625314802e+02
-5.605051570423097473e+02 1.010034476131059591e+03
-3.514880373764603405e+02 -8.874317096788638537e+02
-5.250921105336598202e+02 -7.179754963505472460e+02
-7.293915692867906273e+02 -6.903530185061307520e+02
-4.963836635616171975e+02 1.435711451353801976e+03
-3.810547836604573604e+02 -8.576520226371945910e+02
-9.597136348155563610e+02 2.663493702305322017e+02
-9.180942504731648341e+02 7.172646660878591263e+01
-1.103519323628907614e+03 -1.645750503625798729e+02
3.879248209897089055e+02 1.683678838927091874e+03
-9.258670677460980869e+02 -4.187489636713478376e+02
-5.382255361505972360e+02 1.088216684742580810e+03
-1.033550119915206778e+03 -2.345734541180762562e+02
-6.827813645879530213e+02 5.133118677372573302e+02
-2.968723093280969465e+02 1.179665268164540066e+03
-8.936541933676926419e+02 -6.204528766464153478e+02
-6.118693101916608157e+02 7.991581160592761535e+02
-7.334135582553268762e+01 7.650916159569450201e+02
-1.102080002037602497e+02 7.314770879611227201e+02
-4.607189054325683060e+02 1.037390713721380280e+03
-7.376257461350076028e+02 -5.115087694180024869e+02
-5.158697604204372738e+02 7.048053993878812662e+02
-3.565903905826530149e+02 3.852524408542217316e+02
-1.031841019501658593e+03 -1.588011842617429465e+02
-9.602148516494537489e+02 -1.456393128081384702e+02
-6.545411511947423833e+02 -7.065402513933008777e+02
-5.344104492841414640e+02 2.676825798094420179e+02
-7.234372630002229698e+02 -5.719504422596336326e+02
-5.051621148805552366e+02 -7.967697306669274440e+02
-4.558963822455688160e+02 6.263266488746685354e+02
-1.472598985464745169e+01 8.552661626543820148e+02
-5.539952355472579484e+02 7.136597451722487904e+02
-3.512772151998767072e+02 4.065898131737463927e+02
-4.558076673264613419e+02 1.420026295706502196e+03
-1.478478029688976676e+02 6.044403328757464351e+02
-6.388005429757702132e+02 -8.386298826238695483e+02
-6.541716454685657709e+02 3.027933666568316653e+02
2.413795239021818588e+02 7.291285736328870826e+02
-5.553137463095033581e+02 -7.929187570875591291e+02
-1.022629511050045494e+03 -5.786098469675432625e+02
-8.343914785180302260e+02 -2.429509432114010110e+02
-6.966502518093170693e+02 1.138086103034113194e+03
4.911612385752487739e+02 1.742989035270001750e+03
