9.421500091822952072e+02 -6.465113205591948145e+02
1.045870887027330127e+03 -1.143583034925872397e+02
1.055610590305158894e+03 1.363805873178280308e+03
1.563942258965897281e+03 5.628111325449847158e+01
1.061157245886875558e+02 9.679572038327409018e+02
1.597985754678388162e+02 7.399723920348362753e+02
1.219371593592512454e+03 -3.227250902325519064e+02
6.373671978250932852e+02 4.627367399043710066e+02
8.222156179626618950e+02 6.148001558316198043e+02
9.100765778664872130e+00 1.014661123475219483e+03
8.062498121809055647e+02 6.773975763770732783e+02
1.001721652673080143e+03 -6.873724539825235524e+02
5.629373691929237111e+02 4.130109349517886130e+02
7.568834483315724810e+02 3.239107067683634682e+02
9.839285262290624132e+02 -9.401824874889127841e+02
5.125255917215257568e+02 1.017796100754349936e+03
8.960308248985288628e+02 6.527660523622397477e+02
8.436303259875359117e+02 -1.067815999619443119e+03
9.380392651188370792e+02 -7.815790793519963131e+01
3.605045917376339162e+02 -3.937293117296766241e+02
6.847224899695065687e+02 1.005789774899392796e+03
6.547782706793052512e+02 -4.490030221805965880e+02
2.596436563932620061e+02 -3.827877938252493664e+02
1.413296094870974230e+03 -5.603732444251018023e+02
-2.917513604251736865e+02 7.327790068642846109e+02
1.099575880800506184e+03 -9.347408544990663586e+02
1.339002160967120290e+03 -8.037712197114835533e+00
-2.019597736740507514e+02 6.770050551525376932e+02
3.609870712369720422e+02 6.332221908398894357e+02
9.954434666457310641e+02 -1.091483512265361469e+03
8.746665169306942289e+02 -6.712516537568984631e+02
1.016602318345506319e+03 -5.655207589015785743e+02
9.177585139573086508e+02 -6.667719976979577723e+02
1.044820819376985810e+03 1.291922971299259643e+03
8.804683379736324014e+02 -9.034179049151540539e+02
7.333269392657665549e+02 -9.232722241244193810e+02
9.851128556625633337e+02 5.175106170648726902e+02
1.147577789486765369e+03 -9.469005547238265308e+02
5.506209493766216383e+02 4.448016434237148360e+02
8.895881232744950466e+02 -8.249953866079299587e+02
5.808818969536598615e+02 1.032602176753536014e+03
9.497989761774224462e+02 -5.660999601227036919e+02
5.632351125385413297e+02 -4.487764407692996542e+02
7.537150193798589726e+02 -8.642626030342266858e+02
5.571375879823766581e+02 3.620127088909346753e+02
5.524022196077662272e+01 2.446730675708769240e+02
8.324541522894961645e+02 1.620664666152828914e+01
3.847661596544662075e+02 1.225393035441466282e+03
1.103329007823776692e+03 6.678096832222499870e+02
8.531706793231842312e+02 1.216870164141746642e+02
-5.434905480687740464e+02 3.976712091220005050e+02
-8.814557932316596407e+02 -2.776805614971854084e+02
-6.112911746429365394e+02 5.230119160353840471e+02
-3.952285142945625012e+02 1.940428667272326635e+01
-2.455051617394607035e+02 3.997030539012351369e+02
-2.760573149227206500e+02 4.147755777344607395e+02
-9.530167918134354750e+02 5.619764761328406166e+02
-5.113433941701230196e+02 -1.093824846642948145e+01
-6.246028687234794461e+02 1.662951048342376907e+02
-1.081167299113019453e+03 -2.387165488646201652e+02
-6.557570866023731924e+02 1.113981754304592613e+02
-8.954290474102239159e+02 -3.795351681241458550e+02
-7.918752085263137133e+02 -7.643402612310998734e+01
-8.887016251851275683e+02 -1.957630237826313646e+02
-9.393458927698437719e+02 -3.526188673575923644e+02
-7.252960165228444112e+02 -1.287090454268525832e+02
-6.342457285091551284e+02 2.919584951694489519e+02
-8.122853744593448937e+02 -2.750709104477405731e+01
-6.910364819808011134e+02 7.485849624324021079e+02
-9.501048456344016131e+02 -5.030598088248636373e+02
-6.794035310265811631e+02 1.542912614288452460e+02
-8.490052817085035031e+02 -3.718138102209955491e+02
-6.964176801287682110e+02 1.078191444486333239e+03
-9.233558491434970392e+02 -4.524862628694053797e+02
-1.109506271026134527e+03 -5.459591994137699658e+02
-8.871495222007964685e+02 -4.863582190823618703e+02
-4.393017084096733811e+02 -2.319755250718819184e+02
-9.819975708817943314e+02 -4.896031460673912079e+02
-9.743093620316833494e+02 -5.047367684409583717e+02
-4.173709460172355534e+02 1.029604998625897849e+02
-1.091496618802595094e+03 7.277575181545216765e+02
-1.071992240913549949e+03 -5.152309493791352679e+02
-6.250618995247519933e+02 4.083513778760631681e+02
-1.191353188764501510e+03 -6.330738137550486044e+02
-6.318658354691365275e+02 -2.361996114468481380e+02
-8.508905301512425012e+02 -3.035875688534551387e+02
-4.157107330066615987e+02 7.854281576519041153e+01
-3.678726947217906513e+02 2.502215576536670838e+01
-8.556917195521721169e+02 -4.133711682791771977e+02
-9.390017025180785595e+02 -5.207059434293234972e+02
-5.479877150585846266e+02 1.742370713868774317e+02
-1.066426341034350116e+03 -4.692417073091292536e+02
-8.411764058505701769e+02 -4.043434402385334465e+02
-7.762406198385666585e+02 6.132379516455396242e+02
-8.783529839168585340e+02 -2.993031592790053992e+02
-3.927520443968969630e+02 8.395301762959213931e+01
-9.840474037634808155e+02 -4.807907685059686855e+02
-3.086363277830260472e+02 2.717659435805445582e+02
-5.848044850303540443e+02 1.219670438468983633e+02
-7.255891829733634495e+02 -1.452769758764852668e+02
